bikesharing
[[  7.76711048e+00]
 [  7.59493265e+01]
 [  2.54298226e+00]
 [  7.16523881e+00]
 [ -2.26697709e+01]
 [  1.03308692e+00]
 [  7.11834581e-02]
 [ -5.53863453e+00]
 [  9.96450847e+01]
 [  1.89603013e+02]
 [ -1.74419811e+02]
 [  2.63652572e+01]]
 
twitter (first 10 features, 50000 datapoints)
[[ 0.18374818]
 [ 0.12700957]
 [ 0.16143722]
 [ 0.1030285 ]
 [-0.03234516]
 [-0.13149897]
 [ 0.71753415]
 [-0.06601276]
 [-0.01003358]
 [-0.18011501]]

twitter (first 10 features, 100000 datapoints)
[[ 0.15929775]
 [ 0.11686246]
 [ 0.09101467]
 [ 0.09547213]
 [-0.01410122]
 [-0.09510591]
 [ 0.74682836]
 [-0.13571654]
 [-0.07222793]
 [-0.04216693]]

twitter (first 10 features, all datapoints)
[[ 0.06288727]
 [ 0.15031699]
 [ 0.02793394]
 [ 0.06459032]
 [ 0.0249392 ]
 [ 0.02551089]
 [ 0.67894044]
 [-0.08421146]
 [-0.16770532]
 [ 0.06256838]]